#RA2000 DEC2000
156.04305 -57.82985
156.04306 -57.82985
156.04342 -57.82849
156.04342 -57.82849
156.04491 -57.83086
156.04491 -57.83085
156.04524 -57.83124
156.04672 -57.83090
155.99359 -57.80737
155.99481 -57.81429
155.99479 -57.81428
155.99673 -57.80866
155.99892 -57.81536
155.99894 -57.81538
156.00108 -57.81617
156.00106 -57.81617
156.00396 -57.81955
156.00396 -57.81956
156.00516 -57.82243
156.00514 -57.82243
156.00682 -57.81581
156.00672 -57.81736
156.00670 -57.81736
156.00920 -57.82147
156.00919 -57.82147
156.00964 -57.81516
156.00963 -57.81516
156.01349 -57.81718
156.01350 -57.81719
156.01353 -57.81785
156.01355 -57.81787
156.01673 -57.82651
156.01671 -57.82651
156.01831 -57.82527
156.01830 -57.82527
156.02044 -57.82233
156.02043 -57.82233
156.02056 -57.82490
156.02054 -57.82489
156.02103 -57.82667
156.02121 -57.81842
156.02121 -57.81841
156.02105 -57.82666
156.02195 -57.82384
156.02193 -57.82384
156.02279 -57.82623
156.02278 -57.82623
156.02463 -57.81990
156.02487 -57.82850
156.02488 -57.82853
156.02543 -57.82255
156.02538 -57.82258
156.02700 -57.82020
156.02699 -57.82019
156.02801 -57.82618
156.02823 -57.82361
156.02823 -57.82363
156.02846 -57.82681
156.02844 -57.82681
156.03004 -57.82164
156.02997 -57.82165
156.03408 -57.82339
156.03455 -57.82786
156.03454 -57.82786
156.03504 -57.82891
156.03604 -57.82635
156.03596 -57.82778
156.03595 -57.82778
156.03605 -57.82635
156.03648 -57.83070
156.03780 -57.82555
156.03780 -57.82555
156.03795 -57.82705
156.03794 -57.82704
156.03793 -57.82791
156.03793 -57.82791
156.04035 -57.82701
156.04035 -57.82701
155.96983 -57.79119
155.97085 -57.79228
155.97448 -57.79345
155.97448 -57.79343
155.97661 -57.80005
155.97874 -57.79626
155.97901 -57.80331
155.97945 -57.80168
155.97981 -57.80047
155.97987 -57.80093
155.97990 -57.80571
155.98552 -57.81202
155.98629 -57.80640
155.98683 -57.81284
155.98726 -57.80251
155.98688 -57.80902
155.98752 -57.81093
155.98803 -57.80112
155.98803 -57.80197
155.98998 -57.80275
155.99302 -57.80306
156.11381 -57.82076
156.11383 -57.82077
156.11412 -57.82198
156.11411 -57.82198
156.11604 -57.81801
156.11646 -57.81925
156.11646 -57.81927
156.11969 -57.81165
156.12023 -57.81257
156.12023 -57.81559
156.12096 -57.81366
156.12144 -57.81938
156.12205 -57.81582
156.12364 -57.81096
156.12637 -57.81366
156.12755 -57.80559
156.12844 -57.81560
156.12833 -57.81565
156.12875 -57.81695
156.12874 -57.81697
156.12917 -57.81036
156.12927 -57.81230
156.12923 -57.81294
156.13206 -57.81353
156.13523 -57.81248
156.04735 -57.82423
156.04736 -57.82424
156.04784 -57.82163
156.04785 -57.82163
156.04884 -57.82230
156.04885 -57.82229
156.04924 -57.82094
156.04926 -57.82095
156.05103 -57.81996
156.05145 -57.83155
156.05314 -57.82033
156.05415 -57.83000
156.05441 -57.82205
156.05463 -57.82517
156.05503 -57.82094
156.05543 -57.81197
156.05542 -57.82412
156.05541 -57.82412
156.05571 -57.82528
156.05613 -57.81589
156.05612 -57.81592
156.05664 -57.82764
156.05666 -57.82766
156.05708 -57.81957
156.05709 -57.81958
156.05872 -57.81605
156.05889 -57.82534
156.05888 -57.82534
156.05917 -57.80873
156.05926 -57.82045
156.05922 -57.82045
156.05993 -57.81417
156.06024 -57.81535
156.06025 -57.81536
156.06040 -57.81974
156.06026 -57.82768
156.06094 -57.83183
156.06184 -57.82849
156.06206 -57.82345
156.06207 -57.82346
156.06192 -57.82986
156.06255 -57.80668
156.06231 -57.81618
156.06230 -57.81617
156.06265 -57.82353
156.06264 -57.82353
156.06236 -57.82660
156.06235 -57.82660
156.06326 -57.81739
156.06326 -57.81738
156.06332 -57.81956
156.06331 -57.81955
156.06353 -57.82323
156.06353 -57.82322
156.06333 -57.82531
156.06325 -57.82811
156.06336 -57.82949
156.06473 -57.82324
156.06473 -57.82324
156.06470 -57.82409
156.06502 -57.81994
156.06501 -57.81993
156.06520 -57.83197
156.06549 -57.81065
156.06531 -57.82201
156.06532 -57.82201
156.06606 -57.83044
156.06605 -57.83044
156.06658 -57.81479
156.06709 -57.81072
156.06712 -57.82393
156.06711 -57.82393
156.06764 -57.81500
156.06766 -57.82562
156.06770 -57.82561
156.06804 -57.83124
156.06805 -57.83124
156.06835 -57.80959
156.06821 -57.81298
156.06903 -57.81602
156.06898 -57.81605
156.06975 -57.82300
156.06974 -57.82299
156.06991 -57.81795
156.07028 -57.81355
156.07034 -57.81826
156.07032 -57.81825
156.07105 -57.81542
156.07105 -57.81541
156.07153 -57.81695
156.07175 -57.82140
156.07175 -57.82140
156.07261 -57.81732
156.07262 -57.81734
156.07291 -57.81282
156.07324 -57.81218
156.07345 -57.81901
156.07406 -57.82615
156.07405 -57.82614
156.07596 -57.81998
156.07597 -57.81999
156.07596 -57.82328
156.07596 -57.82327
156.07616 -57.82639
156.07615 -57.82639
156.07723 -57.81382
156.07791 -57.81689
156.07954 -57.82406
156.07990 -57.81520
156.07989 -57.81519
156.08004 -57.82688
156.08003 -57.82688
156.08143 -57.82426
156.08142 -57.82425
156.08110 -57.82838
156.08108 -57.82838
156.08265 -57.83039
156.08264 -57.83039
156.08368 -57.81631
156.08370 -57.81632
156.08405 -57.81725
156.08407 -57.81726
156.08517 -57.82023
156.08519 -57.82024
156.08587 -57.82615
156.08661 -57.82482
156.08661 -57.82484
156.08714 -57.82063
156.08868 -57.81836
156.08867 -57.81836
156.08950 -57.82152
156.08949 -57.82152
156.09028 -57.82830
156.09026 -57.82830
156.09156 -57.82872
156.09155 -57.82873
156.09336 -57.82253
156.09333 -57.82252
156.09421 -57.82493
156.09420 -57.82493
156.09765 -57.82857
156.09766 -57.82857
156.10008 -57.82662
156.10007 -57.82662
156.10072 -57.82538
156.10071 -57.82538
156.10453 -57.82629
156.10453 -57.82628
156.06438 -57.80188
156.06462 -57.80499
156.06549 -57.79841
156.06686 -57.80134
156.06687 -57.80712
156.06795 -57.80429
156.06873 -57.80474
156.06924 -57.79489
156.06922 -57.79491
156.06986 -57.79181
156.07035 -57.80084
156.07158 -57.79991
156.07211 -57.78810
156.07205 -57.78810
156.07192 -57.80711
156.07270 -57.79520
156.07427 -57.79236
156.07425 -57.79237
156.07471 -57.78471
156.07449 -57.79479
156.07447 -57.79480
156.07516 -57.79064
156.07516 -57.79065
156.07585 -57.78256
156.07585 -57.78257
156.07625 -57.78197
156.07625 -57.78199
156.07609 -57.78678
156.07634 -57.79900
156.07670 -57.79492
156.07661 -57.80830
156.07704 -57.78178
156.07726 -57.79346
156.07718 -57.79915
156.07731 -57.78900
156.07730 -57.78901
156.07744 -57.80153
156.07797 -57.78081
156.07832 -57.79454
156.07850 -57.80538
156.07890 -57.78149
156.07890 -57.78150
156.07912 -57.79768
156.07899 -57.81086
156.08002 -57.78724
156.08001 -57.78724
156.07995 -57.79127
156.07994 -57.79128
156.08045 -57.78615
156.08034 -57.79600
156.08090 -57.78875
156.08073 -57.79686
156.08208 -57.80205
156.08196 -57.80996
156.08261 -57.78395
156.08256 -57.81043
156.08279 -57.79815
156.08322 -57.78633
156.08321 -57.78635
156.08316 -57.80268
156.08434 -57.78491
156.08508 -57.79189
156.08555 -57.78505
156.08556 -57.78505
156.08567 -57.78557
156.08584 -57.80665
156.08578 -57.81397
156.08642 -57.78561
156.08604 -57.78898
156.08605 -57.78899
156.08831 -57.81475
156.08868 -57.79098
156.08867 -57.79098
156.08901 -57.79922
156.09007 -57.78827
156.09008 -57.78827
156.08990 -57.79327
156.08989 -57.79327
156.09074 -57.79776
156.09070 -57.81140
156.09124 -57.79490
156.09165 -57.81363
156.09180 -57.81810
156.09179 -57.81810
156.09243 -57.81282
156.09325 -57.80528
156.09318 -57.80851
156.09394 -57.81394
156.09380 -57.81915
156.09379 -57.81915
156.09363 -57.81964
156.09361 -57.81963
156.09421 -57.79596
156.09431 -57.80609
156.09491 -57.79139
156.09491 -57.79140
156.09540 -57.80524
156.09578 -57.79259
156.09579 -57.79312
156.09578 -57.79312
156.09580 -57.80468
156.09644 -57.79788
156.09614 -57.80579
156.09615 -57.81624
156.09614 -57.81624
156.09706 -57.81897
156.09705 -57.81897
156.09756 -57.81447
156.09755 -57.81447
156.09808 -57.79454
156.09806 -57.79455
156.09800 -57.80115
156.09811 -57.80839
156.09807 -57.80923
156.09876 -57.80175
156.09907 -57.79165
156.09907 -57.79166
156.09908 -57.79326
156.09907 -57.79327
156.09972 -57.79867
156.09943 -57.80491
156.10047 -57.80805
156.10055 -57.81707
156.10051 -57.81706
156.10062 -57.82390
156.10061 -57.82390
156.10131 -57.81662
156.10144 -57.81925
156.10142 -57.81927
156.10111 -57.82216
156.10110 -57.82216
156.10146 -57.79685
156.10160 -57.79887
156.10208 -57.80133
156.10205 -57.81301
156.10271 -57.79450
156.10240 -57.81162
156.10234 -57.82056
156.10232 -57.82057
156.10293 -57.79592
156.10292 -57.79594
156.10294 -57.80919
156.10317 -57.81136
156.10432 -57.80113
156.10434 -57.81033
156.10476 -57.80235
156.10497 -57.81767
156.10495 -57.81766
156.10513 -57.82304
156.10501 -57.82472
156.10545 -57.79518
156.10545 -57.79520
156.10538 -57.81129
156.10640 -57.80051
156.10641 -57.80355
156.10674 -57.80391
156.10654 -57.80657
156.10785 -57.82261
156.10786 -57.82263
156.10899 -57.81895
156.10898 -57.81896
156.10912 -57.82160
156.10947 -57.79657
156.11000 -57.81162
156.11040 -57.79688
156.11049 -57.79908
156.11037 -57.82036
156.11036 -57.82036
156.11071 -57.81220
156.11140 -57.81125
156.11299 -57.80836
156.11288 -57.81022
156.11415 -57.81353
156.11569 -57.80893
156.11592 -57.81054
156.11628 -57.80611
156.11708 -57.80429
156.11909 -57.80503
156.11956 -57.80896
156.12079 -57.80267
156.12096 -57.80825
156.12132 -57.80442
156.12241 -57.80559
156.12768 -57.80083
156.12905 -57.79932
156.12953 -57.80136
156.13096 -57.80399
156.13120 -57.80286
156.13394 -57.79403
156.13380 -57.80340
156.13476 -57.80858
156.13524 -57.79994
156.13645 -57.80616
156.13656 -57.79125
156.13728 -57.78720
156.13726 -57.79146
156.13727 -57.79428
156.13713 -57.79682
156.13691 -57.80053
156.13730 -57.78721
156.13730 -57.79427
156.13757 -57.80231
156.13883 -57.80490
156.13910 -57.78717
156.13911 -57.80115
156.13905 -57.80423
156.13915 -57.80610
156.13958 -57.78558
156.13957 -57.78558
156.13974 -57.80194
156.14012 -57.79450
156.14010 -57.79451
156.14008 -57.80846
156.14140 -57.78213
156.14179 -57.78382
156.14178 -57.78382
156.14152 -57.79167
156.14148 -57.79166
156.14175 -57.80269
156.14335 -57.79063
156.14335 -57.79063
156.14479 -57.79215
156.14439 -57.80299
156.14492 -57.78598
156.14492 -57.78598
156.14484 -57.79216
156.14496 -57.79940
156.14555 -57.79862
156.14604 -57.78507
156.14603 -57.78507
156.14594 -57.79798
156.14576 -57.80242
156.14620 -57.79376
156.14615 -57.79494
156.14682 -57.79411
156.14717 -57.80104
156.14706 -57.80126
156.14734 -57.79134
156.14734 -57.79135
156.14773 -57.78898
156.14773 -57.78898
156.14811 -57.78969
156.14867 -57.79854
156.14969 -57.78949
156.14941 -57.79573
156.15029 -57.79389
156.15106 -57.79431
156.15106 -57.79432
156.15193 -57.79467
156.15191 -57.79468
156.15229 -57.79113
156.15229 -57.79114
156.14753 -57.77721
156.14752 -57.77722
156.14826 -57.78090
156.14826 -57.78090
156.14853 -57.78268
156.14973 -57.77003
156.14973 -57.77003
156.14946 -57.77252
156.14946 -57.77252
156.15059 -57.78019
156.15058 -57.78019
156.15099 -57.77432
156.15100 -57.77433
156.15109 -57.77586
156.15166 -57.77526
156.15165 -57.77526
156.15180 -57.77866
156.15180 -57.77866
156.15186 -57.78402
156.15187 -57.78403
156.15204 -57.77182
156.15203 -57.77183
156.15197 -57.78230
156.15197 -57.78230
156.15227 -57.78359
156.15228 -57.78361
156.15239 -57.77723
156.15271 -57.78390
156.15270 -57.78390
156.08002 -57.77926
156.08063 -57.78071
156.08114 -57.78104
156.08118 -57.78103
156.08217 -57.77705
156.08224 -57.77893
156.08223 -57.77893
156.08371 -57.78209
156.08371 -57.78209
156.08554 -57.77627
156.08555 -57.77627
156.08604 -57.76847
156.08604 -57.76848
156.08588 -57.77430
156.08589 -57.77429
156.08606 -57.77084
156.08607 -57.77084
156.08667 -57.77244
156.08668 -57.77244
156.08673 -57.77711
156.08674 -57.77711
156.08755 -57.77643
156.08798 -57.77596
156.08796 -57.77595
156.08783 -57.78304
156.08783 -57.78305
156.08819 -57.78483
156.08878 -57.77911
156.08868 -57.77986
156.08868 -57.77985
156.08938 -57.77915
156.08938 -57.77915
156.09035 -57.77073
156.09035 -57.77672
156.09037 -57.77672
156.09033 -57.77999
156.09058 -57.78123
156.09056 -57.78125
156.09071 -57.76306
156.09072 -57.76306
156.09092 -57.78529
156.09093 -57.78530
156.09153 -57.78449
156.09153 -57.78450
156.09196 -57.76846
156.09199 -57.76848
156.09194 -57.78050
156.09227 -57.78613
156.09227 -57.78614
156.09264 -57.76791
156.09286 -57.75946
156.09304 -57.77830
156.09340 -57.76887
156.09342 -57.76888
156.09335 -57.77828
156.09334 -57.78060
156.09375 -57.75914
156.09378 -57.75915
156.09387 -57.77599
156.09431 -57.75855
156.09432 -57.75855
156.09430 -57.76419
156.09432 -57.76419
156.09475 -57.77184
156.09476 -57.77184
156.09520 -57.76475
156.09482 -57.77379
156.09482 -57.77379
156.09522 -57.76475
156.09579 -57.78068
156.09585 -57.78071
156.09564 -57.78420
156.09564 -57.78421
156.09608 -57.78084
156.09610 -57.78504
156.09607 -57.78505
156.09687 -57.77433
156.09688 -57.77433
156.09719 -57.77804
156.09719 -57.77804
156.09769 -57.78167
156.09779 -57.76675
156.09780 -57.76677
156.09799 -57.78351
156.09790 -57.78419
156.09850 -57.76189
156.09852 -57.76189
156.09854 -57.76698
156.09842 -57.77085
156.09844 -57.77085
156.09853 -57.77809
156.09817 -57.78508
156.09880 -57.77491
156.09881 -57.77491
156.09854 -57.77810
156.10015 -57.76439
156.10017 -57.76441
156.09996 -57.76471
156.09994 -57.76471
156.10100 -57.78295
156.10101 -57.78296
156.10104 -57.78718
156.10100 -57.78719
156.10122 -57.78593
156.10166 -57.76790
156.10187 -57.77365
156.10165 -57.79113
156.10165 -57.79116
156.10189 -57.77365
156.10268 -57.76541
156.10241 -57.77773
156.10305 -57.76322
156.10306 -57.76322
156.10344 -57.77896
156.10327 -57.79065
156.10331 -57.79068
156.10349 -57.79303
156.10347 -57.79304
156.10452 -57.77101
156.10449 -57.78655
156.10452 -57.78655
156.10498 -57.77913
156.10499 -57.77915
156.10646 -57.76326
156.10645 -57.76327
156.10640 -57.76679
156.10642 -57.76679
156.10718 -57.78782
156.10718 -57.78784
156.10784 -57.76738
156.10785 -57.76738
156.10800 -57.77146
156.10798 -57.78443
156.10809 -57.78443
156.10854 -57.76460
156.10834 -57.77702
156.10836 -57.77702
156.10816 -57.78088
156.10819 -57.78089
156.10855 -57.76460
156.10864 -57.77068
156.10864 -57.77069
156.10918 -57.77411
156.10919 -57.77411
156.11007 -57.77668
156.11007 -57.77667
156.11047 -57.76703
156.11025 -57.77588
156.11025 -57.77590
156.11034 -57.79277
156.11033 -57.79278
156.11058 -57.79522
156.11092 -57.77233
156.11186 -57.76539
156.11168 -57.77065
156.11168 -57.77066
156.11151 -57.78002
156.11152 -57.78002
156.11163 -57.79074
156.11163 -57.79075
156.11213 -57.76575
156.11239 -57.78250
156.11235 -57.79528
156.11233 -57.79530
156.11306 -57.79437
156.11341 -57.77424
156.11325 -57.77920
156.11414 -57.77764
156.11415 -57.77763
156.11501 -57.77803
156.11501 -57.77803
156.11562 -57.77861
156.11557 -57.78056
156.11553 -57.78057
156.11591 -57.76901
156.11564 -57.77861
156.11563 -57.78254
156.11567 -57.79414
156.11658 -57.78680
156.11688 -57.78352
156.11695 -57.78966
156.11775 -57.77297
156.11775 -57.77297
156.11829 -57.77703
156.11829 -57.77703
156.11876 -57.79787
156.11933 -57.79721
156.12058 -57.79765
156.12093 -57.76992
156.12094 -57.76992
156.12096 -57.79339
156.12155 -57.79346
156.12225 -57.79320
156.12259 -57.77212
156.12231 -57.78168
156.12321 -57.77405
156.12338 -57.80285
156.12363 -57.77342
156.12388 -57.77468
156.12408 -57.77306
156.12497 -57.79474
156.12509 -57.79544
156.12536 -57.78327
156.12539 -57.78328
156.12600 -57.77677
156.12567 -57.78030
156.12563 -57.78442
156.12564 -57.78442
156.12765 -57.77681
156.12795 -57.78080
156.12841 -57.77980
156.12841 -57.77980
156.12895 -57.78503
156.12866 -57.78624
156.12865 -57.78624
156.12899 -57.78502
156.12950 -57.78325
156.12950 -57.78325
156.13002 -57.78736
156.13002 -57.78737
156.13060 -57.77903
156.13128 -57.79277
156.13115 -57.79492
156.13178 -57.77658
156.13179 -57.77658
156.13155 -57.78197
156.13156 -57.78197
156.13191 -57.78698
156.13191 -57.78699
156.13246 -57.78926
156.13246 -57.78926
156.13308 -57.77834
156.13302 -57.77835
156.13281 -57.77927
156.13303 -57.78194
156.13304 -57.78194
156.13320 -57.78296
156.13321 -57.78297
156.13439 -57.78224
156.13438 -57.78225
156.13479 -57.78599
156.13479 -57.78599
156.13527 -57.77777
156.13527 -57.77777
156.13742 -57.78352
156.13957 -57.78355
156.13957 -57.78355
156.09553 -57.75634
156.09555 -57.75634
156.09646 -57.75625
156.09646 -57.75626
156.09848 -57.75360
156.10047 -57.75863
156.10090 -57.75898
156.10092 -57.75935
156.10153 -57.75064
156.10154 -57.75065
156.10147 -57.75531
156.10177 -57.75715
156.10207 -57.75221
156.10209 -57.75222
156.10335 -57.75914
156.10337 -57.75914
156.10396 -57.75495
156.10399 -57.75495
156.10461 -57.75360
156.10466 -57.75360
156.10532 -57.75009
156.10536 -57.75777
156.10600 -57.75484
156.10602 -57.75485
156.10663 -57.74344
156.10680 -57.75141
156.10681 -57.75142
156.10692 -57.75281
156.10696 -57.75280
156.10740 -57.75254
156.10762 -57.75657
156.10764 -57.75657
156.10742 -57.75902
156.10844 -57.74393
156.10821 -57.75315
156.10842 -57.75332
156.10838 -57.75330
156.10863 -57.74855
156.10863 -57.74856
156.10891 -57.76195
156.10893 -57.76194
156.10906 -57.76148
156.10908 -57.76148
156.10957 -57.76045
156.10958 -57.76045
156.11009 -57.74083
156.11007 -57.74084
156.11125 -57.76225
156.11127 -57.76226
156.11175 -57.74105
156.11177 -57.74106
156.11183 -57.76300
156.11184 -57.76302
156.11210 -57.76358
156.11213 -57.76359
156.11270 -57.74387
156.11271 -57.74388
156.11234 -57.75458
156.11235 -57.75459
156.11296 -57.74766
156.11302 -57.75798
156.11304 -57.75798
156.11319 -57.76146
156.11394 -57.75236
156.11394 -57.75237
156.11424 -57.74806
156.11414 -57.75902
156.11414 -57.75903
156.11430 -57.76498
156.11496 -57.74789
156.11510 -57.75638
156.11556 -57.75683
156.11683 -57.74626
156.11723 -57.74412
156.11724 -57.74413
156.11727 -57.76223
156.11728 -57.76223
156.11833 -57.75373
156.11835 -57.75374
156.11850 -57.76416
156.11885 -57.74688
156.11865 -57.75312
156.11863 -57.75314
156.11922 -57.75048
156.11944 -57.76214
156.11945 -57.76214
156.11998 -57.75716
156.12029 -57.75112
156.12062 -57.76342
156.12043 -57.76789
156.12077 -57.76640
156.12112 -57.74553
156.12113 -57.74553
156.12160 -57.74695
156.12171 -57.75685
156.12217 -57.75955
156.12254 -57.74971
156.12267 -57.76160
156.12394 -57.76162
156.12427 -57.74864
156.12403 -57.75113
156.12402 -57.76084
156.12448 -57.75625
156.12562 -57.74723
156.12578 -57.74903
156.12623 -57.76213
156.12624 -57.76213
156.12672 -57.77084
156.12672 -57.77086
156.12688 -57.77163
156.12688 -57.77163
156.12859 -57.75965
156.12859 -57.75966
156.12872 -57.76711
156.12871 -57.76711
156.12948 -57.75715
156.13071 -57.75589
156.13075 -57.75589
156.13095 -57.75693
156.13095 -57.75693
156.13111 -57.76590
156.13109 -57.76590
156.13163 -57.76040
156.13167 -57.76040
156.13213 -57.75596
156.13226 -57.76869
156.13226 -57.76870
156.13425 -57.76156
156.13467 -57.76006
156.13468 -57.76008
156.13498 -57.75416
156.13498 -57.75417
156.13512 -57.76096
156.13511 -57.76096
156.13499 -57.76511
156.13587 -57.76531
156.13583 -57.76530
156.13743 -57.76034
156.13746 -57.76034
156.13792 -57.76746
156.13792 -57.76746
156.13835 -57.76557
156.13835 -57.76557
156.13814 -57.76928
156.13816 -57.76928
156.13879 -57.75878
156.13879 -57.75879
156.13879 -57.76182
156.13923 -57.76176
156.13920 -57.76177
156.13921 -57.76688
156.13977 -57.76730
156.13977 -57.76731
156.14037 -57.75848
156.14057 -57.76626
156.14054 -57.76627
156.14193 -57.76226
156.14312 -57.77671
156.14312 -57.77671
156.14316 -57.76985
156.14321 -57.76985
156.14399 -57.76237
156.14402 -57.76240
156.14403 -57.76785
156.14475 -57.76935
156.14475 -57.76935
156.14477 -57.77376
156.14477 -57.77377
156.14479 -57.77542
156.14481 -57.77541
156.14523 -57.76101
156.14524 -57.76102
156.14524 -57.76413
156.14523 -57.76413
156.14533 -57.76706
156.14533 -57.76706
156.14561 -57.77228
156.14555 -57.77232
156.14575 -57.77496
156.14633 -57.76378
156.14633 -57.76378
156.14615 -57.77228
156.14616 -57.77228
156.14629 -57.77301
156.14630 -57.77300
156.14653 -57.76892
156.14652 -57.76893
156.14734 -57.77240
155.99872 -57.80464
155.99952 -57.79890
155.99956 -57.80283
155.99954 -57.80416
156.00303 -57.79902
156.00291 -57.80015
156.00335 -57.80290
156.00345 -57.80753
156.00412 -57.79688
156.00428 -57.80123
156.00444 -57.79929
156.00561 -57.79736
156.00632 -57.80450
156.00658 -57.79239
156.00657 -57.79238
156.00689 -57.78850
156.00689 -57.78852
156.00810 -57.79306
156.00809 -57.79306
156.00859 -57.80272
156.00933 -57.79139
156.00927 -57.80229
156.01003 -57.79954
156.01020 -57.80839
156.01058 -57.78517
156.01059 -57.78517
156.01022 -57.79052
156.01023 -57.79052
156.01035 -57.79698
156.01185 -57.78929
156.01155 -57.79045
156.01160 -57.79044
156.01149 -57.79885
156.01168 -57.80086
156.01222 -57.78748
156.01223 -57.78749
156.01270 -57.78174
156.01271 -57.78175
156.01280 -57.79940
156.01277 -57.80990
156.01350 -57.78835
156.01352 -57.78836
156.01384 -57.78610
156.01385 -57.78611
156.01449 -57.78425
156.01442 -57.80229
156.01502 -57.78317
156.01491 -57.78963
156.01486 -57.79085
156.01506 -57.79231
156.01508 -57.79230
156.01499 -57.79375
156.01497 -57.79375
156.01532 -57.78324
156.01522 -57.79897
156.01557 -57.81118
156.01589 -57.78742
156.01601 -57.78741
156.01572 -57.81057
156.01718 -57.79058
156.01722 -57.79059
156.01778 -57.78623
156.01777 -57.78623
156.01819 -57.79322
156.01828 -57.81256
156.01923 -57.80311
156.01902 -57.80925
156.01990 -57.80678
156.02059 -57.79911
156.02046 -57.80528
156.02130 -57.78619
156.02130 -57.78620
156.02107 -57.78957
156.02106 -57.80670
156.02106 -57.80854
156.02162 -57.81427
156.02233 -57.81715
156.02232 -57.81715
156.02280 -57.81303
156.02348 -57.81135
156.02378 -57.79583
156.02356 -57.81551
156.02354 -57.81551
156.02426 -57.81010
156.02464 -57.79609
156.02520 -57.79855
156.02518 -57.80115
156.02510 -57.81602
156.02533 -57.79078
156.02533 -57.79079
156.02561 -57.80821
156.02533 -57.81714
156.02534 -57.81713
156.02570 -57.79350
156.02570 -57.79350
156.02609 -57.78755
156.02611 -57.78755
156.02641 -57.81436
156.02679 -57.79414
156.02720 -57.81831
156.02723 -57.81830
156.02767 -57.78774
156.02768 -57.78775
156.02736 -57.79148
156.02737 -57.79149
156.02753 -57.81966
156.02752 -57.81965
156.02803 -57.79867
156.02833 -57.79098
156.02834 -57.79098
156.02893 -57.79363
156.02892 -57.79363
156.02892 -57.79875
156.02872 -57.81426
156.02924 -57.79691
156.02965 -57.79082
156.02947 -57.79310
156.03012 -57.80937
156.03017 -57.81427
156.03015 -57.81430
156.03087 -57.80784
156.03079 -57.81682
156.03080 -57.81682
156.03108 -57.79777
156.03117 -57.80551
156.03216 -57.79026
156.03190 -57.80206
156.03258 -57.79458
156.03270 -57.80921
156.03352 -57.80011
156.03379 -57.82141
156.03379 -57.82141
156.03475 -57.81918
156.03476 -57.81917
156.03537 -57.80878
156.03566 -57.79514
156.03565 -57.79515
156.03608 -57.79197
156.03770 -57.81534
156.03776 -57.79635
156.03771 -57.81534
156.03800 -57.82190
156.03801 -57.82189
156.03842 -57.79544
156.03843 -57.79546
156.03827 -57.79978
156.03831 -57.82215
156.03829 -57.82216
156.03915 -57.81418
156.03914 -57.81419
156.03942 -57.82281
156.03944 -57.82280
156.03991 -57.79617
156.04060 -57.80360
156.04041 -57.81807
156.04097 -57.81479
156.04096 -57.81480
156.04140 -57.79703
156.04109 -57.80185
156.04141 -57.80948
156.04190 -57.79908
156.04194 -57.80192
156.04212 -57.81587
156.04212 -57.81588
156.04264 -57.81165
156.04299 -57.82026
156.04300 -57.82027
156.04366 -57.80014
156.04478 -57.81533
156.04479 -57.81533
156.04603 -57.79834
156.04619 -57.81883
156.04616 -57.81886
156.04646 -57.82307
156.04646 -57.82306
156.04702 -57.80866
156.04728 -57.81201
156.04709 -57.81785
156.04712 -57.81785
156.04749 -57.79866
156.04762 -57.81897
156.04765 -57.81897
156.04772 -57.80601
156.04787 -57.80789
156.04806 -57.81609
156.04807 -57.81609
156.04839 -57.81794
156.04841 -57.81794
156.04949 -57.81452
156.04951 -57.81452
156.05198 -57.81516
156.05562 -57.80515
156.01454 -57.77898
156.01455 -57.77898
156.01508 -57.77989
156.01502 -57.77989
156.01631 -57.78169
156.01829 -57.77699
156.01829 -57.77699
156.01910 -57.77812
156.01911 -57.77812
156.01909 -57.78004
156.01910 -57.78004
156.01989 -57.77668
156.01993 -57.77668
156.02024 -57.77590
156.02172 -57.77876
156.02173 -57.77876
156.02209 -57.76796
156.02212 -57.77489
156.02213 -57.77490
156.02227 -57.78087
156.02228 -57.78088
156.02244 -57.76896
156.02245 -57.76896
156.02294 -57.77094
156.02292 -57.77093
156.02345 -57.77069
156.02386 -57.76761
156.02390 -57.76761
156.02416 -57.77834
156.02421 -57.77833
156.02445 -57.77175
156.02446 -57.77175
156.02489 -57.77057
156.02539 -57.76603
156.02541 -57.76603
156.02545 -57.78542
156.02593 -57.76954
156.02594 -57.76954
156.02580 -57.78071
156.02615 -57.77574
156.02708 -57.77051
156.02709 -57.77051
156.02735 -57.76357
156.02737 -57.76357
156.02757 -57.78196
156.02758 -57.78196
156.02829 -57.75894
156.02819 -57.76183
156.02820 -57.76183
156.02819 -57.78176
156.02848 -57.78599
156.02849 -57.78600
156.02868 -57.76998
156.02869 -57.76998
156.02876 -57.77426
156.02878 -57.77426
156.02881 -57.78459
156.02881 -57.78459
156.02917 -57.76005
156.02919 -57.76364
156.02922 -57.76363
156.02925 -57.76588
156.02926 -57.76589
156.02908 -57.76962
156.02905 -57.76963
156.02964 -57.77129
156.02965 -57.77130
156.03058 -57.75684
156.03057 -57.75685
156.03032 -57.77412
156.03036 -57.77414
156.03034 -57.78166
156.03037 -57.78168
156.03045 -57.78368
156.03046 -57.78368
156.03140 -57.75873
156.03148 -57.75877
156.03180 -57.77282
156.03179 -57.77283
156.03188 -57.76129
156.03189 -57.76129
156.03189 -57.78505
156.03191 -57.78506
156.03258 -57.78959
156.03260 -57.78959
156.03312 -57.77396
156.03344 -57.75944
156.03345 -57.75944
156.03330 -57.76693
156.03331 -57.76694
156.03313 -57.77395
156.03381 -57.76121
156.03382 -57.76122
156.03373 -57.76440
156.03375 -57.76440
156.03418 -57.78689
156.03419 -57.78689
156.03410 -57.78769
156.03465 -57.77465
156.03467 -57.77465
156.03497 -57.77059
156.03540 -57.78384
156.03542 -57.78384
156.03558 -57.78793
156.03588 -57.76924
156.03600 -57.77587
156.03601 -57.77588
156.03603 -57.77877
156.03621 -57.76735
156.03623 -57.76735
156.03607 -57.77879
156.03664 -57.76785
156.03665 -57.76785
156.03658 -57.77867
156.03686 -57.78272
156.03687 -57.78272
156.03698 -57.76632
156.03712 -57.77923
156.03717 -57.78641
156.03712 -57.78748
156.03713 -57.78749
156.03830 -57.78457
156.03831 -57.78458
156.03841 -57.78584
156.03842 -57.78585
156.03856 -57.78366
156.03879 -57.78718
156.03906 -57.76968
156.03932 -57.77429
156.03931 -57.77429
156.03943 -57.78941
156.03946 -57.78943
156.03982 -57.78315
156.04028 -57.77041
156.04028 -57.77042
156.04076 -57.78673
156.04063 -57.78729
156.04064 -57.78730
156.04079 -57.79055
156.04108 -57.79262
156.04110 -57.79262
156.04182 -57.76322
156.04171 -57.77713
156.04189 -57.76324
156.04216 -57.78726
156.04202 -57.79054
156.04202 -57.79055
156.04257 -57.77478
156.04260 -57.77480
156.04259 -57.79448
156.04258 -57.79448
156.04336 -57.76573
156.04337 -57.76573
156.04326 -57.77293
156.04327 -57.77293
156.04342 -57.78789
156.04334 -57.79513
156.04333 -57.79514
156.04404 -57.77367
156.04405 -57.77367
156.04459 -57.76668
156.04460 -57.76668
156.04577 -57.78526
156.04623 -57.77979
156.04638 -57.78300
156.04803 -57.77569
156.04871 -57.78784
156.04874 -57.78784
156.04910 -57.77339
156.04907 -57.77339
156.04909 -57.78577
156.04970 -57.77087
156.04975 -57.77088
156.05014 -57.78608
156.05090 -57.79540
156.05090 -57.79541
156.05131 -57.78404
156.05158 -57.77871
156.05248 -57.78164
156.05294 -57.77276
156.05288 -57.77604
156.05287 -57.78376
156.05337 -57.77673
156.05381 -57.78706
156.05423 -57.76939
156.05425 -57.78216
156.05396 -57.78278
156.05422 -57.78803
156.05448 -57.77470
156.05513 -57.77025
156.05561 -57.77750
156.05584 -57.77062
156.05582 -57.77211
156.05590 -57.79083
156.05665 -57.77562
156.05669 -57.78496
156.05765 -57.77946
156.05765 -57.77946
156.05809 -57.77249
156.05807 -57.77250
156.05804 -57.77576
156.05783 -57.78544
156.05783 -57.78544
156.05835 -57.77870
156.05835 -57.77870
156.05852 -57.79704
156.05868 -57.80275
156.05908 -57.77526
156.05909 -57.77525
156.05916 -57.77909
156.05917 -57.77909
156.05986 -57.77956
156.05992 -57.77962
156.06001 -57.80012
156.06060 -57.77265
156.06059 -57.77265
156.06028 -57.77441
156.06026 -57.77442
156.06023 -57.78347
156.06025 -57.78348
156.06027 -57.78784
156.06087 -57.78110
156.06087 -57.78110
156.06138 -57.78537
156.06139 -57.78537
156.06132 -57.80092
156.06224 -57.78079
156.06223 -57.78079
156.06251 -57.77602
156.06235 -57.78653
156.06299 -57.77395
156.06299 -57.77395
156.06281 -57.78895
156.06286 -57.79377
156.06342 -57.79047
156.06343 -57.79047
156.06359 -57.77499
156.06358 -57.77501
156.06383 -57.79037
156.06382 -57.79038
156.06379 -57.79868
156.06422 -57.77873
156.06421 -57.77873
156.06416 -57.78046
156.06441 -57.77704
156.06441 -57.77704
156.06511 -57.78602
156.06512 -57.78602
156.06516 -57.78662
156.06515 -57.78663
156.06559 -57.78890
156.06729 -57.78343
156.06730 -57.78343
156.06976 -57.79032
156.06976 -57.79033
156.06981 -57.77626
156.06985 -57.77627
156.07002 -57.78928
156.07001 -57.78929
156.07042 -57.77718
156.07041 -57.77718
156.07121 -57.78874
156.07121 -57.78874
156.07325 -57.78249
156.07324 -57.78250
156.07567 -57.77931
156.07568 -57.77930
155.96790 -57.78072
155.96790 -57.78073
155.96957 -57.77368
155.96954 -57.77369
155.96969 -57.78650
155.96946 -57.78968
155.96947 -57.78969
155.97023 -57.78399
155.97028 -57.78717
155.97029 -57.78718
155.97137 -57.78832
155.97137 -57.78833
155.97106 -57.78880
155.97107 -57.78880
155.97186 -57.78728
155.97187 -57.78731
155.97184 -57.79157
155.97224 -57.78025
155.97224 -57.78026
155.97231 -57.77190
155.97231 -57.77190
155.97243 -57.77700
155.97256 -57.78811
155.97287 -57.77308
155.97285 -57.77308
155.97293 -57.78229
155.97293 -57.78230
155.97332 -57.77975
155.97330 -57.77976
155.97384 -57.77843
155.97361 -57.78483
155.97359 -57.78483
155.97635 -57.76732
155.97635 -57.76732
155.97688 -57.77039
155.97688 -57.77040
155.97699 -57.77562
155.97700 -57.77948
155.97699 -57.77952
155.97754 -57.78067
155.97737 -57.78489
155.97811 -57.76384
155.97866 -57.79119
155.97867 -57.79119
155.97975 -57.79271
155.97942 -57.79520
155.97940 -57.79521
155.97986 -57.76629
155.97989 -57.76629
155.97995 -57.77141
155.97994 -57.77142
155.98085 -57.79001
155.98076 -57.79004
155.98131 -57.78258
155.98157 -57.76587
155.98156 -57.76588
155.98163 -57.76614
155.98163 -57.76615
155.98163 -57.77061
155.98164 -57.77061
155.98160 -57.77891
155.98160 -57.77892
155.98156 -57.78293
155.98154 -57.78294
155.98202 -57.77256
155.98193 -57.78257
155.98293 -57.79582
155.98341 -57.77856
155.98341 -57.77857
155.98403 -57.77921
155.98406 -57.77923
155.98476 -57.79462
155.98475 -57.79463
155.98493 -57.77547
155.98494 -57.77547
155.98514 -57.79640
155.98556 -57.77053
155.98557 -57.77053
155.98546 -57.78448
155.98538 -57.78450
155.98601 -57.77014
155.98603 -57.77013
155.98629 -57.79476
155.98748 -57.78740
155.98752 -57.79151
155.98747 -57.79151
155.98810 -57.79556
155.98810 -57.79557
155.98846 -57.77388
155.98846 -57.77389
155.98832 -57.78049
155.98832 -57.78050
155.98845 -57.78152
155.98845 -57.78152
155.98825 -57.78928
155.98891 -57.77616
155.98891 -57.77617
155.98891 -57.77783
155.98891 -57.77785
155.98860 -57.79974
155.98919 -57.78739
155.98919 -57.78740
155.98973 -57.77007
155.98973 -57.77007
155.98958 -57.77506
155.98958 -57.77507
155.98968 -57.78940
155.99009 -57.77879
155.99007 -57.77880
155.98986 -57.79970
155.99152 -57.76994
155.99184 -57.79519
155.99183 -57.79520
155.99223 -57.78520
155.99245 -57.78162
155.99366 -57.77070
155.99389 -57.78587
155.99386 -57.78587
155.99361 -57.78735
155.99361 -57.78735
155.99428 -57.80106
155.99457 -57.78226
155.99451 -57.78228
155.99456 -57.78987
155.99456 -57.78987
155.99496 -57.77939
155.99504 -57.80012
155.99521 -57.78648
155.99522 -57.78649
155.99539 -57.78804
155.99535 -57.78804
155.99539 -57.79530
155.99599 -57.77497
155.99581 -57.79097
155.99577 -57.79098
155.99609 -57.77228
155.99610 -57.77229
155.99617 -57.78887
155.99617 -57.78888
155.99727 -57.77271
155.99700 -57.79210
155.99715 -57.80042
155.99740 -57.77276
155.99787 -57.77291
155.99807 -57.77849
155.99807 -57.77850
155.99804 -57.78087
155.99773 -57.78866
155.99773 -57.78867
155.99798 -57.79727
155.99868 -57.77569
155.99868 -57.77571
155.99875 -57.78295
155.99877 -57.78299
155.99890 -57.79789
155.99934 -57.78563
155.99896 -57.78953
155.99937 -57.79549
155.99939 -57.78240
155.99978 -57.78971
155.99974 -57.78975
155.99938 -57.79547
155.99985 -57.77739
156.00016 -57.78402
156.00018 -57.78404
156.00085 -57.79564
156.00084 -57.79566
156.00139 -57.78430
156.00222 -57.78871
156.00223 -57.78872
156.00209 -57.78962
156.00366 -57.78137
156.00366 -57.78138
156.00355 -57.78784
156.00355 -57.78785
156.00364 -57.79062
156.00465 -57.77811
156.00467 -57.77812
156.00638 -57.78459
156.00714 -57.78153
156.00735 -57.78536
156.00736 -57.78537
156.00761 -57.78659
156.00817 -57.78103
156.00882 -57.78326
156.00882 -57.78327
156.00944 -57.78242
155.98041 -57.76131
155.98212 -57.75571
155.98415 -57.75610
155.98414 -57.75610
155.98408 -57.75834
155.98409 -57.75835
155.98519 -57.76007
155.98536 -57.76085
155.98538 -57.76086
155.98712 -57.75423
155.98713 -57.75423
155.98693 -57.76159
155.98775 -57.75290
155.98808 -57.75738
155.98809 -57.75739
155.98789 -57.75896
155.98783 -57.76601
155.98788 -57.76604
155.98827 -57.76333
155.98828 -57.76333
155.98831 -57.76587
155.98895 -57.75991
155.98949 -57.75739
155.98950 -57.75740
155.98983 -57.76537
155.98984 -57.76538
155.99026 -57.75309
155.99027 -57.75310
155.99036 -57.75743
155.99037 -57.75743
155.99050 -57.75953
155.99050 -57.75953
155.99026 -57.76731
155.99083 -57.75816
155.99084 -57.75816
155.99063 -57.76890
155.99104 -57.75460
155.99105 -57.75461
155.99165 -57.75924
155.99166 -57.75924
155.99146 -57.76127
155.99167 -57.76362
155.99168 -57.76362
155.99202 -57.75522
155.99203 -57.75522
155.99224 -57.75974
155.99233 -57.76821
155.99290 -57.75811
155.99291 -57.75812
155.99286 -57.76966
155.99287 -57.76967
155.99352 -57.75016
155.99353 -57.75017
155.99349 -57.75361
155.99350 -57.75362
155.99314 -57.76537
155.99315 -57.76538
155.99336 -57.76929
155.99336 -57.76929
155.99370 -57.75053
155.99371 -57.75053
155.99383 -57.75867
155.99384 -57.75867
155.99380 -57.75944
155.99381 -57.75945
155.99378 -57.76337
155.99412 -57.75152
155.99413 -57.75152
155.99427 -57.75516
155.99428 -57.75517
155.99397 -57.75598
155.99402 -57.75598
155.99462 -57.76609
155.99463 -57.76609
155.99518 -57.74794
155.99519 -57.74796
155.99496 -57.75028
155.99498 -57.75029
155.99500 -57.75056
155.99499 -57.76036
155.99500 -57.76036
155.99489 -57.76303
155.99491 -57.76303
155.99526 -57.75430
155.99534 -57.75458
155.99536 -57.75457
155.99543 -57.75751
155.99543 -57.75751
155.99558 -57.76691
155.99559 -57.76691
155.99569 -57.76219
155.99570 -57.76219
155.99642 -57.74666
155.99639 -57.74762
155.99619 -57.75873
155.99633 -57.75942
155.99634 -57.75942
155.99641 -57.75969
155.99643 -57.75969
155.99651 -57.74669
155.99646 -57.74762
155.99649 -57.75406
155.99651 -57.75406
155.99650 -57.75459
155.99651 -57.75459
155.99661 -57.75831
155.99662 -57.75832
155.99666 -57.76124
155.99666 -57.76124
155.99709 -57.74728
155.99695 -57.75159
155.99696 -57.75159
155.99699 -57.75887
155.99701 -57.75887
155.99739 -57.75849
155.99741 -57.75849
155.99734 -57.76003
155.99735 -57.76002
155.99737 -57.76452
155.99738 -57.76452
155.99752 -57.76651
155.99754 -57.76652
155.99757 -57.76805
155.99757 -57.76805
155.99790 -57.74657
155.99793 -57.74658
155.99809 -57.75629
155.99805 -57.76112
155.99782 -57.76276
155.99820 -57.75624
155.99847 -57.76171
155.99848 -57.76171
155.99865 -57.75182
155.99866 -57.75182
155.99900 -57.74923
155.99901 -57.74924
155.99928 -57.75434
155.99929 -57.75435
155.99900 -57.76010
155.99901 -57.76010
155.99953 -57.76013
155.99954 -57.76013
155.99939 -57.76133
155.99943 -57.76135
156.00007 -57.75435
156.00010 -57.76562
156.00011 -57.76564
156.00008 -57.76844
156.00008 -57.76844
155.99996 -57.77164
155.99998 -57.77165
156.00024 -57.75241
156.00026 -57.75241
156.00062 -57.75828
156.00096 -57.74669
156.00063 -57.75828
156.00081 -57.75905
156.00082 -57.75906
156.00091 -57.76023
156.00092 -57.76023
156.00095 -57.76471
156.00097 -57.76471
156.00102 -57.77240
156.00126 -57.75225
156.00130 -57.75227
156.00144 -57.76186
156.00145 -57.76187
156.00121 -57.76552
156.00122 -57.76552
156.00178 -57.74883
156.00179 -57.74884
156.00173 -57.75981
156.00174 -57.75981
156.00207 -57.74569
156.00208 -57.74570
156.00225 -57.75004
156.00223 -57.75005
156.00213 -57.75440
156.00215 -57.75440
156.00200 -57.75666
156.00201 -57.75666
156.00218 -57.76086
156.00219 -57.76086
156.00252 -57.75316
156.00253 -57.75316
156.00278 -57.74655
156.00278 -57.74657
156.00284 -57.74989
156.00286 -57.74989
156.00316 -57.75106
156.00318 -57.75106
156.00317 -57.75972
156.00318 -57.75972
156.00327 -57.76471
156.00326 -57.76471
156.00319 -57.77489
156.00320 -57.77490
156.00378 -57.74445
156.00380 -57.74445
156.00377 -57.74961
156.00378 -57.74962
156.00377 -57.75353
156.00378 -57.75353
156.00359 -57.76579
156.00359 -57.76580
156.00380 -57.76965
156.00382 -57.76965
156.00411 -57.74677
156.00412 -57.74678
156.00398 -57.74894
156.00398 -57.74896
156.00417 -57.75006
156.00407 -57.75152
156.00408 -57.75153
156.00409 -57.75301
156.00410 -57.75302
156.00409 -57.76653
156.00460 -57.75472
156.00447 -57.76161
156.00449 -57.76160
156.00444 -57.76269
156.00446 -57.76269
156.00477 -57.77048
156.00446 -57.77185
156.00448 -57.77186
156.00496 -57.74548
156.00497 -57.74550
156.00515 -57.75556
156.00516 -57.75557
156.00493 -57.75865
156.00494 -57.75865
156.00504 -57.75972
156.00505 -57.75972
156.00510 -57.76465
156.00512 -57.76465
156.00545 -57.74701
156.00546 -57.74702
156.00564 -57.74468
156.00601 -57.74509
156.00596 -57.74578
156.00598 -57.74579
156.00599 -57.76111
156.00601 -57.76111
156.00598 -57.76372
156.00601 -57.76374
156.00581 -57.77452
156.00583 -57.77452
156.00626 -57.76433
156.00618 -57.76437
156.00633 -57.76584
156.00634 -57.76584
156.00664 -57.75101
156.00665 -57.75102
156.00669 -57.75774
156.00671 -57.75774
156.00657 -57.76712
156.00653 -57.76843
156.00683 -57.77078
156.00650 -57.77257
156.00652 -57.77258
156.00695 -57.75561
156.00715 -57.77303
156.00716 -57.77304
156.00689 -57.77623
156.00690 -57.77624
156.00761 -57.74544
156.00762 -57.74545
156.00737 -57.76362
156.00740 -57.76436
156.00742 -57.76437
156.00762 -57.77018
156.00751 -57.77051
156.00805 -57.74728
156.00804 -57.74857
156.00805 -57.74858
156.00776 -57.75867
156.00777 -57.75867
156.00785 -57.76111
156.00786 -57.76111
156.00822 -57.74593
156.00824 -57.74595
156.00842 -57.74741
156.00851 -57.74747
156.00822 -57.76268
156.00851 -57.76577
156.00852 -57.76578
156.00818 -57.76749
156.00847 -57.76800
156.00848 -57.76800
156.00839 -57.77664
156.00870 -57.75219
156.00871 -57.75220
156.00859 -57.75777
156.00860 -57.75777
156.00890 -57.76962
156.00890 -57.76965
156.00918 -57.74763
156.00926 -57.75075
156.00927 -57.75076
156.00936 -57.75639
156.00936 -57.75639
156.00931 -57.76564
156.00933 -57.76565
156.00900 -57.77013
156.00942 -57.75483
156.00979 -57.75853
156.00944 -57.76444
156.00945 -57.76444
156.00975 -57.76669
156.00975 -57.76669
156.00944 -57.76926
156.00952 -57.77526
156.00954 -57.77526
156.01006 -57.75480
156.00990 -57.75854
156.01015 -57.76172
156.01016 -57.76172
156.01004 -57.76307
156.01006 -57.76308
156.01002 -57.76647
156.01004 -57.76647
156.01019 -57.77645
156.01021 -57.77646
156.01053 -57.75210
156.01095 -57.75568
156.01103 -57.75954
156.01096 -57.76041
156.01098 -57.76041
156.01124 -57.74981
156.01104 -57.75954
156.01157 -57.75308
156.01160 -57.75308
156.01160 -57.75834
156.01161 -57.75834
156.01165 -57.76426
156.01162 -57.76425
156.01152 -57.77564
156.01206 -57.75659
156.01208 -57.75660
156.01195 -57.76719
156.01195 -57.76719
156.01213 -57.77678
156.01262 -57.74888
156.01265 -57.74888
156.01262 -57.75013
156.01262 -57.75453
156.01232 -57.75589
156.01294 -57.75165
156.01296 -57.75165
156.01304 -57.75688
156.01305 -57.75689
156.01302 -57.75733
156.01303 -57.75732
156.01297 -57.76708
156.01300 -57.76708
156.01305 -57.77150
156.01303 -57.77151
156.01340 -57.75070
156.01342 -57.75069
156.01322 -57.75211
156.01322 -57.75213
156.01313 -57.75589
156.01321 -57.76164
156.01317 -57.76466
156.01320 -57.76466
156.01392 -57.74970
156.01379 -57.75820
156.01382 -57.75821
156.01362 -57.76413
156.01363 -57.76413
156.01429 -57.75063
156.01428 -57.75064
156.01434 -57.75971
156.01436 -57.75971
156.01421 -57.76935
156.01423 -57.76936
156.01413 -57.77613
156.01415 -57.77613
156.01476 -57.76124
156.01478 -57.76124
156.01454 -57.76529
156.01455 -57.76529
156.01471 -57.76810
156.01472 -57.76810
156.01462 -57.77051
156.01466 -57.77106
156.01468 -57.77106
156.01474 -57.77431
156.01500 -57.75753
156.01502 -57.75754
156.01504 -57.76051
156.01506 -57.76051
156.01557 -57.77146
156.01559 -57.77146
156.01590 -57.74975
156.01590 -57.74976
156.01583 -57.75568
156.01586 -57.75568
156.01566 -57.75815
156.01567 -57.75816
156.01569 -57.77333
156.01570 -57.77333
156.01631 -57.75619
156.01620 -57.76058
156.01621 -57.76058
156.01619 -57.77298
156.01622 -57.77297
156.01675 -57.75776
156.01676 -57.75776
156.01653 -57.75954
156.01654 -57.75954
156.01652 -57.76537
156.01654 -57.76537
156.01728 -57.75590
156.01718 -57.76261
156.01719 -57.76261
156.01701 -57.76877
156.01702 -57.76878
156.01730 -57.75591
156.01731 -57.75674
156.01733 -57.75677
156.01757 -57.76451
156.01759 -57.76452
156.01808 -57.75769
156.01831 -57.75636
156.01828 -57.75636
156.01822 -57.76093
156.01845 -57.76769
156.01847 -57.76769
156.01829 -57.77222
156.01831 -57.77222
156.01854 -57.75599
156.01880 -57.76215
156.01882 -57.76215
156.01884 -57.76732
156.01889 -57.76732
156.01909 -57.75711
156.01910 -57.75711
156.01910 -57.76584
156.01912 -57.76584
156.01966 -57.75352
156.01966 -57.75352
156.01947 -57.75473
156.01944 -57.75476
156.01969 -57.76802
156.02006 -57.75963
156.02004 -57.75964
156.02041 -57.75789
156.02042 -57.75789
156.02021 -57.76387
156.02023 -57.76387
156.02035 -57.76471
156.02033 -57.76472
156.02031 -57.76556
156.02033 -57.76556
156.02067 -57.75269
156.02136 -57.75950
156.02105 -57.76729
156.02139 -57.76804
156.02141 -57.76804
156.02180 -57.75235
156.02148 -57.75464
156.02207 -57.75345
156.02209 -57.75345
156.02189 -57.76474
156.02190 -57.76474
156.02300 -57.76370
156.02302 -57.76370
156.02418 -57.75791
156.02419 -57.75792
156.02415 -57.76435
156.02574 -57.75477
156.02575 -57.75476
156.02826 -57.75804
156.02826 -57.75806
156.02903 -57.75587
156.02904 -57.75588
156.03008 -57.75633
156.03021 -57.75637
156.03269 -57.75713
156.03302 -57.75631
156.03303 -57.75632
156.03271 -57.75712
156.03368 -57.75527
156.03370 -57.75528
156.03434 -57.75356
156.03434 -57.75358
156.03423 -57.75513
156.03430 -57.75515
156.03478 -57.75123
156.03478 -57.75124
156.03517 -57.75419
156.03516 -57.75418
156.03486 -57.75633
156.03486 -57.75635
156.03599 -57.75249
156.03598 -57.75251
156.03704 -57.74841
156.03704 -57.74841
156.03760 -57.75182
156.03760 -57.75182
156.03756 -57.75530
156.03758 -57.75532
156.03837 -57.75865
156.03840 -57.75864
156.03857 -57.75766
156.03908 -57.75202
156.03909 -57.75204
156.03963 -57.75058
156.04088 -57.76110
156.04086 -57.76112
156.04126 -57.75480
156.04125 -57.75481
156.04149 -57.74311
156.04198 -57.74774
156.04199 -57.74775
156.04213 -57.75484
156.04216 -57.75484
156.04259 -57.75386
156.04260 -57.75387
156.04280 -57.74018
156.04280 -57.74020
156.04335 -57.74050
156.04335 -57.74051
156.04333 -57.74783
156.04333 -57.74785
156.04343 -57.74890
156.04350 -57.75149
156.04380 -57.74490
156.04359 -57.75149
156.04364 -57.75390
156.04364 -57.75391
156.04424 -57.76031
156.04425 -57.76032
156.04426 -57.76288
156.04427 -57.76288
156.04459 -57.74558
156.04460 -57.74560
156.04602 -57.76099
156.04622 -57.74330
156.04637 -57.76162
156.04639 -57.76164
156.04671 -57.73530
156.04646 -57.75833
156.04677 -57.76267
156.04697 -57.74989
156.04747 -57.73742
156.04743 -57.75271
156.04743 -57.75271
156.04730 -57.76332
156.04734 -57.76334
156.04747 -57.76450
156.04748 -57.76450
156.04811 -57.74028
156.04792 -57.76241
156.04792 -57.76241
156.04774 -57.76357
156.04843 -57.73494
156.04842 -57.73495
156.04822 -57.73788
156.04814 -57.74802
156.04844 -57.75028
156.04818 -57.75352
156.04818 -57.75352
156.04895 -57.75527
156.04895 -57.75527
156.04903 -57.74676
156.04903 -57.74677
156.04900 -57.74805
156.04963 -57.73888
156.04963 -57.73889
156.04970 -57.75005
156.04939 -57.75876
156.04941 -57.75876
156.04969 -57.76081
156.05056 -57.73729
156.05055 -57.73730
156.05060 -57.74579
156.05062 -57.74579
156.05101 -57.76008
156.05114 -57.74087
156.05161 -57.74566
156.05152 -57.74940
156.05187 -57.75920
156.05210 -57.73758
156.05204 -57.75344
156.05221 -57.75685
156.05331 -57.73561
156.05317 -57.75020
156.05393 -57.75712
156.05413 -57.75828
156.05421 -57.76701
156.05461 -57.74112
156.05464 -57.74773
156.05498 -57.75532
156.05542 -57.74018
156.05542 -57.75927
156.05537 -57.75929
156.05524 -57.76248
156.05539 -57.76518
156.05585 -57.74560
156.05585 -57.74561
156.05580 -57.76192
156.05641 -57.74841
156.05647 -57.75713
156.05676 -57.76623
156.05717 -57.73840
156.05708 -57.73840
156.05695 -57.75645
156.05715 -57.76194
156.05716 -57.76196
156.05727 -57.76571
156.05799 -57.73898
156.05800 -57.73898
156.05837 -57.75575
156.05817 -57.76806
156.05817 -57.76806
156.05862 -57.76559
156.05899 -57.73898
156.05900 -57.73897
156.05919 -57.74581
156.05919 -57.74582
156.05926 -57.76207
156.05955 -57.76335
156.06001 -57.75307
156.05999 -57.75308
156.06008 -57.75789
156.06008 -57.75789
156.06013 -57.76942
156.06013 -57.76942
156.06032 -57.76324
156.06093 -57.74636
156.06079 -57.75702
156.06078 -57.75702
156.06129 -57.74863
156.06128 -57.74865
156.06156 -57.74710
156.06156 -57.74712
156.06200 -57.74243
156.06199 -57.74243
156.06199 -57.74432
156.06205 -57.74435
156.06214 -57.75651
156.06217 -57.75655
156.06211 -57.76811
156.06211 -57.76811
156.06234 -57.74845
156.06233 -57.74847
156.06282 -57.74302
156.06282 -57.74303
156.06312 -57.74730
156.06313 -57.74729
156.06391 -57.74553
156.06390 -57.74554
156.06362 -57.76084
156.06416 -57.75160
156.06414 -57.75160
156.06462 -57.74813
156.06461 -57.74814
156.06512 -57.76451
156.06506 -57.76451
156.06548 -57.76844
156.06548 -57.76844
156.06595 -57.75468
156.06595 -57.75470
156.06599 -57.75611
156.06600 -57.75611
156.06609 -57.74308
156.06609 -57.74307
156.06625 -57.75400
156.06624 -57.75402
156.06636 -57.75825
156.06636 -57.75825
156.06728 -57.77283
156.06728 -57.77284
156.06732 -57.76282
156.06800 -57.75754
156.06800 -57.75757
156.06784 -57.76108
156.06831 -57.74957
156.06830 -57.74958
156.06873 -57.75555
156.06859 -57.75629
156.06918 -57.77264
156.06922 -57.77419
156.06922 -57.77420
156.06939 -57.76266
156.06990 -57.74542
156.06991 -57.74542
156.07020 -57.76940
156.07051 -57.75710
156.07051 -57.76662
156.07032 -57.76895
156.07032 -57.76896
156.07021 -57.76941
156.07085 -57.75899
156.07081 -57.75935
156.07141 -57.76514
156.07141 -57.76514
156.07159 -57.74498
156.07159 -57.74499
156.07157 -57.75483
156.07185 -57.76987
156.07181 -57.77124
156.07182 -57.77125
156.07190 -57.76347
156.07190 -57.76347
156.07205 -57.76987
156.07225 -57.77175
156.07225 -57.77176
156.07233 -57.74966
156.07233 -57.74967
156.07308 -57.75966
156.07307 -57.75966
156.07315 -57.76264
156.07315 -57.76264
156.07362 -57.75312
156.07362 -57.75313
156.07381 -57.76440
156.07387 -57.76441
156.07445 -57.74624
156.07560 -57.76642
156.07561 -57.76642
156.07598 -57.77515
156.07595 -57.77515
156.07625 -57.75733
156.07614 -57.75733
156.07651 -57.77121
156.07651 -57.77121
156.07656 -57.77421
156.07657 -57.77421
156.07699 -57.75360
156.07720 -57.77822
156.07720 -57.77822
156.07760 -57.76989
156.07794 -57.75294
156.07793 -57.75296
156.07843 -57.74863
156.07843 -57.74864
156.07878 -57.76190
156.07877 -57.76189
156.07894 -57.77056
156.07895 -57.77056
156.07907 -57.74979
156.07907 -57.74980
156.07910 -57.77780
156.07910 -57.77780
156.07946 -57.76443
156.07947 -57.76443
156.07989 -57.76322
156.07990 -57.76323
156.08052 -57.76040
156.08053 -57.76041
156.08043 -57.76420
156.08042 -57.76420
156.08087 -57.76512
156.08087 -57.76513
156.08158 -57.76444
156.08161 -57.76446
156.08186 -57.76775
156.08168 -57.77444
156.08169 -57.77445
156.08206 -57.77191
156.08207 -57.77191
156.08248 -57.77238
156.08353 -57.75101
156.08320 -57.75445
156.08321 -57.75446
156.08354 -57.75102
156.08404 -57.76344
156.08400 -57.76844
156.08402 -57.76844
156.08399 -57.76997
156.08400 -57.76998
156.08510 -57.75897
156.08639 -57.75728
156.08674 -57.75504
156.08674 -57.75505
156.08647 -57.75730
156.08681 -57.75944
156.08732 -57.76152
156.08780 -57.76489
156.08780 -57.76490
156.08884 -57.75530
156.09117 -57.75615
156.09118 -57.75615
156.09191 -57.75745
156.09192 -57.75746
156.05421 -57.73352
156.05429 -57.73490
156.05577 -57.73332
156.05579 -57.73332
156.05648 -57.73619
156.05837 -57.73776
156.05836 -57.73776
156.06025 -57.73702
156.06026 -57.73702
156.06237 -57.73915
156.06236 -57.73916
156.06551 -57.74133
156.06584 -57.73538
156.06646 -57.73811
156.06657 -57.73812
156.06818 -57.73618
156.06818 -57.73617
156.06991 -57.73324
156.06991 -57.73325
156.07006 -57.74092
156.07006 -57.74093
156.07023 -57.73392
156.07022 -57.73391
156.07027 -57.73888
156.07028 -57.73888
156.07105 -57.73679
156.07104 -57.73677
156.07125 -57.73703
156.07163 -57.73766
156.07282 -57.73742
156.07282 -57.73745
156.07350 -57.73911
156.07351 -57.73911
156.07473 -57.73781
156.07474 -57.73781
156.07464 -57.73886
156.07465 -57.73885
156.07564 -57.74394
156.07565 -57.74394
156.07607 -57.73743
156.07609 -57.73743
156.07742 -57.73651
156.07744 -57.73651
156.07787 -57.73645
156.07790 -57.73645
156.07798 -57.74257
156.07771 -57.74610
156.07849 -57.74743
156.07895 -57.73595
156.07891 -57.73596
156.07904 -57.74663
156.07993 -57.74326
156.07991 -57.74326
156.08050 -57.73701
156.08052 -57.73703
156.08072 -57.74537
156.08074 -57.74538
156.08140 -57.73511
156.08141 -57.73511
156.08216 -57.73898
156.08329 -57.73436
156.08339 -57.73561
156.08337 -57.73560
156.08397 -57.74859
156.08396 -57.74862
156.08470 -57.74064
156.08472 -57.74065
156.08461 -57.74276
156.08519 -57.74779
156.08486 -57.75022
156.08484 -57.75021
156.08542 -57.75164
156.08543 -57.75165
156.08588 -57.74833
156.08722 -57.73995
156.08973 -57.74113
156.08974 -57.74113
156.08953 -57.74981
156.08955 -57.74982
156.09004 -57.74232
156.09007 -57.74232
156.08988 -57.74719
156.08990 -57.74721
156.09125 -57.75421
156.09167 -57.74398
156.09169 -57.74398
156.09165 -57.75065
156.09168 -57.75066
156.09223 -57.75250
156.09225 -57.75251
156.09249 -57.74757
156.09251 -57.74757
156.09247 -57.75217
156.09252 -57.75352
156.09304 -57.75036
156.09305 -57.75037
156.09345 -57.75397
156.09347 -57.75398
156.09371 -57.74184
156.09372 -57.74185
156.09407 -57.75142
156.09409 -57.75143
156.09495 -57.74698
156.09491 -57.75095
156.09494 -57.75096
156.09553 -57.74527
156.09534 -57.74591
156.09535 -57.74592
156.09645 -57.74774
156.09647 -57.74774
156.09934 -57.73966
156.09937 -57.74785
156.09966 -57.74175
156.09967 -57.74175
156.10088 -57.74743
156.10156 -57.74452
156.10295 -57.74401
156.10367 -57.74293
156.10370 -57.74293
156.00527 -57.74334
156.00572 -57.74353
156.00772 -57.74372
156.00773 -57.74373
156.01012 -57.74336
156.01023 -57.74340
156.01114 -57.74675
156.01160 -57.74380
156.01209 -57.74149
156.01209 -57.74149
156.01242 -57.74641
156.01349 -57.74133
156.01350 -57.74133
156.01352 -57.74449
156.01354 -57.74449
156.01482 -57.74570
156.01482 -57.74571
156.01577 -57.74440
156.01578 -57.74441
156.01617 -57.74716
156.01618 -57.74717
156.01661 -57.74350
156.01661 -57.74351
156.01743 -57.74520
156.01746 -57.74521
156.01780 -57.73971
156.01781 -57.73971
156.01797 -57.74938
156.01800 -57.74940
156.01826 -57.74127
156.01826 -57.74127
156.01837 -57.74339
156.01838 -57.74340
156.01821 -57.74652
156.01822 -57.74653
156.01868 -57.74903
156.01871 -57.74904
156.01886 -57.75019
156.01887 -57.75019
156.01959 -57.74875
156.01960 -57.74876
156.01983 -57.74249
156.01984 -57.74250
156.02019 -57.74357
156.02015 -57.74359
156.02160 -57.74353
156.02160 -57.74353
156.02185 -57.74887
156.02187 -57.74892
156.02221 -57.74563
156.02223 -57.74564
156.02190 -57.74924
156.02257 -57.75092
156.02260 -57.75092
156.02281 -57.73942
156.02290 -57.74504
156.02291 -57.74504
156.02295 -57.75078
156.02297 -57.75078
156.02321 -57.74149
156.02322 -57.74149
156.02319 -57.74219
156.02349 -57.74649
156.02365 -57.74304
156.02357 -57.74652
156.02355 -57.74907
156.02436 -57.73771
156.02437 -57.73774
156.02422 -57.73903
156.02455 -57.75310
156.02457 -57.75312
156.02554 -57.74142
156.02557 -57.74143
156.02592 -57.74226
156.02581 -57.74226
156.02591 -57.74527
156.02592 -57.74529
156.02570 -57.75390
156.02571 -57.75391
156.02683 -57.74746
156.02683 -57.74748
156.02709 -57.74361
156.02710 -57.74362
156.02704 -57.74833
156.02832 -57.74907
156.02833 -57.74908
156.02824 -57.75451
156.02826 -57.75452
156.02960 -57.74506
156.02961 -57.74508
156.02959 -57.74643
156.02959 -57.74643
156.02959 -57.74815
156.02981 -57.75297
156.02982 -57.75298
156.03040 -57.73792
156.03090 -57.74676
156.03095 -57.74679
156.03093 -57.75092
156.03094 -57.75093
156.03193 -57.75308
156.03193 -57.75310
156.03241 -57.73749
156.03241 -57.73749
156.03270 -57.74929
156.03270 -57.74930
156.03301 -57.73986
156.03301 -57.73987
156.03306 -57.74382
156.03330 -57.74202
156.03329 -57.74203
156.03346 -57.74739
156.03346 -57.74740
156.03356 -57.74256
156.03357 -57.74257
156.03430 -57.74579
156.03457 -57.74119
156.03534 -57.74135
156.03534 -57.74136
156.03679 -57.73706
156.03686 -57.74350
156.03686 -57.74351
156.03646 -57.74555
156.03646 -57.74557
156.03663 -57.74659
156.03663 -57.74660
156.03750 -57.73591
156.03774 -57.74464
156.03774 -57.74465
156.03822 -57.73602
156.03924 -57.73484
156.03920 -57.73484
156.03941 -57.74001
156.04103 -57.73577
156.04104 -57.73578
156.04175 -57.73829
156.04175 -57.73829
156.04311 -57.73786
156.04337 -57.73665

 
